id,type,class,role,label,rating,bbox_x0,bbox_y0,bbox_x1,bbox_y1
BUS-478,bus,bus,bus,"BUS-478","",523.88,416,563.88,456
20kV SUPPLY A,utility,source,source,"20kV SUPPLY A","",386.29,32,422.29,74
TX-1698,transformer_yd,transformer,transformer,"TX-1698","280 kVA",382.29,124,426.29,172
CB-388,breaker,breaker,main_breaker,"CB-388","ACB / 400 A / 3P",386.29,234,422.29,270
TA-759,ct,ct,ct,"TA-759","3 CTs / 400/5 A",394.29,328,414.29,360
PM-1077,watthour_meter,meter,meter,"PM-1077","kW / kWh",914.72,422,942.72,450
20kV STANDBY,utility,source,source,"20kV STANDBY","",575.01,32,611.01,74
TX-1624,transformer_yd,transformer,transformer,"TX-1624","280 kVA",571.01,124,615.01,172
CB-355,breaker,breaker,main_breaker,"CB-355","ACB / 400 A / 3P",575.01,234,611.01,270
TA-763,ct,ct,ct,"TA-763","3 CTs / 400/5 A",583.01,328,603.01,360
PM-1032,watthour_meter,meter,meter,"PM-1032","kW / kWh",914.72,422,942.72,450
CB-341,breaker,breaker,feeder_breaker,"CB-341","MCCB / 160 A / 3P",259.27,546,295.27,582
TA-757,ct,ct,ct,"TA-757","3 CTs / 160/5 A",267.27,640,287.27,672
PM-1049,watthour_meter,meter,meter,"PM-1049","kW / kWh",203.54,734,231.54,762
PNL-1479,load,load,load,"PNL-1479","HOUSE PANEL / 43 kW",317.01,736,357.01,760
CB-309,breaker,breaker,feeder_breaker,"CB-309","MCCB / 100 A / 3P",509.28,546,545.28,582
TA-787,ct,ct,ct,"TA-787","3 CTs / 100/5 A",517.28,640,537.28,672
PM-1013,watthour_meter,meter,meter,"PM-1013","kW / kWh",442.47,734,470.47,762
PNL-1445,load,load,load,"PNL-1445","SALES FLOOR LIGHTING / 51 kW",578.08,736,618.08,760
CB-356,breaker,breaker,feeder_breaker,"CB-356","MCCB / 100 A / 3P",792.49,546,828.49,582
TA-785,ct,ct,ct,"TA-785","3 CTs / 100/5 A",800.49,640,820.49,672
PM-1082,watthour_meter,meter,meter,"PM-1082","kW / kWh",725.68,734,753.68,762
PNL-1476,load,load,load,"PNL-1476","SALES FLOOR LIGHTING / 35 kW",861.29,736,901.29,760
