id,source,target,relationship,line_style,net,cable
E001,11kV SUPPLY A,TX-1672,power,solid,0,""
E002,TX-1672,CB-326,power,solid,1,""
E003,CB-326,TA-701,power,solid,2,""
E004,TA-701,BUS-430,power,solid,3,""
E005,TA-701,PM-1013,measurement,dashed,3,""
E006,11kV SUPPLY B,CB-381,power,solid,4,""
E007,CB-381,TA-733,power,solid,5,""
E008,TA-733,BUS-466,power,solid,6,""
E009,TA-733,PM-1052,measurement,dashed,6,""
E010,BUS-430,CB-325,power,solid,3,""
E011,CB-325,BUS-466,power,solid,6,""
E012,BUS-430,CB-357,power,solid,3,"3#4 AWG"
E013,CB-357,TA-754,power,solid,10,""
E014,TA-754,PM-1015,measurement,dashed,11,""
E015,TA-754,PNL-1403,power,solid,11,""
E016,BUS-466,CB-378,power,solid,6,"3#1/0 AWG"
E017,CB-378,TA-710,power,solid,13,""
E018,TA-710,PM-1005,measurement,dashed,14,""
E019,TA-710,PNL-1410,power,solid,14,""
E020,BUS-466,CB-375,power,solid,6,"3#1/0 AWG"
E021,CB-375,TA-706,power,solid,16,""
E022,TA-706,PM-1021,measurement,dashed,17,""
E023,TA-706,PNL-1400,power,solid,17,""
