id,source,target,relationship,line_style,net,cable
E001,11kV SUPPLY A,TX-1642,power,solid,0,""
E002,TX-1642,CB-338,power,solid,1,""
E003,CB-338,TA-724,power,solid,2,""
E004,TA-724,BUS-476,power,solid,3,""
E005,TA-724,PM-1020,measurement,dashed,3,""
E006,BUS-476,CB-357,power,solid,3,"3#1/0 AWG"
E007,CB-357,TA-780,power,solid,5,""
E008,TA-780,PM-1064,measurement,dashed,6,""
E009,TA-780,FD-900,power,solid,6,""
E010,FD-900,PNL-1418,power,solid,7,""
E011,FD-900,PNL-1491,power,solid,7,""
E012,BUS-476,CB-318,power,solid,3,"3#4 AWG"
E013,CB-318,TA-781,power,solid,10,""
E014,TA-781,PM-1055,measurement,dashed,11,""
E015,TA-781,CB-394,power,solid,11,""
E016,CB-394,MTR-1189,power,solid,12,""
