id,source,target,relationship,line_style,net,cable
E001,22kV SUPPLY A,TX-1622,power,solid,0,""
E002,TX-1622,CB-389,power,solid,1,""
E003,CB-389,TA-752,power,solid,2,""
E004,TA-752,BUS-458,power,solid,3,""
E005,TA-752,PM-1043,measurement,dashed,3,""
E006,22kV SUPPLY B,TX-1640,power,solid,4,""
E007,TX-1640,CB-312,power,solid,5,""
E008,CB-312,TA-719,power,solid,6,""
E009,TA-719,BUS-432,power,solid,7,""
E010,TA-719,PM-1086,measurement,dashed,7,""
E011,BUS-458,CB-330,power,solid,3,""
E012,CB-330,BUS-432,power,solid,7,""
E013,BUS-458,CB-363,power,solid,3,"3#4 AWG"
E014,CB-363,TA-795,power,solid,11,""
E015,TA-795,PM-1033,measurement,dashed,12,""
E016,TA-795,PNL-1494,power,solid,12,""
E017,BUS-432,CB-350,power,solid,7,"3#4 AWG"
E018,CB-350,TA-727,power,solid,14,""
E019,TA-727,PM-1066,measurement,dashed,15,""
E020,TA-727,PNL-1452,power,solid,15,""
E021,BUS-432,CB-373,power,solid,7,"3#1/0 AWG"
E022,CB-373,TA-710,power,solid,17,""
E023,TA-710,PM-1047,measurement,dashed,18,""
E024,TA-710,PNL-1468,power,solid,18,""
